002cf59cd2e44a32182a87f3c418dd82	gi|195969288|gb|EU883400.1|	85.748	421	60	0	1	421	156	576	1e-120	446
002cf59cd2e44a32182a87f3c418dd82	gi|195969272|gb|EU883392.1|	85.748	421	60	0	1	421	156	576	1e-120	446
002cf59cd2e44a32182a87f3c418dd82	gi|189187567|gb|EU678449.1|	85.748	421	60	0	1	421	198	618	1e-120	446
002cf59cd2e44a32182a87f3c418dd82	gi|189187585|gb|EU678458.1|	85.511	421	61	0	1	421	198	618	7e-119	440
002cf59cd2e44a32182a87f3c418dd82	gi|195969282|gb|EU883397.1|	85.273	421	62	0	1	421	156	576	3e-117	435
002cf59cd2e44a32182a87f3c418dd82	gi|189187505|gb|EU678418.1|	85.273	421	62	0	1	421	198	618	3e-117	435
002cf59cd2e44a32182a87f3c418dd82	gi|195969294|gb|EU883403.1|	84.834	422	62	2	1	421	156	576	7e-114	424
002cf59cd2e44a32182a87f3c418dd82	gi|1633817380|gb|MK333197.1|	84.561	421	65	0	1	421	336	756	3e-112	418
002cf59cd2e44a32182a87f3c418dd82	gi|195969310|gb|EU883411.1|	84.561	421	65	0	1	421	156	576	3e-112	418
002cf59cd2e44a32182a87f3c418dd82	gi|195969304|gb|EU883408.1|	84.561	421	65	0	1	421	156	576	3e-112	418
002cf59cd2e44a32182a87f3c418dd82	gi|195969298|gb|EU883405.1|	84.323	421	66	0	1	421	156	576	1e-110	412
002cf59cd2e44a32182a87f3c418dd82	gi|1208264759|gb|KY315996.1|	83.848	421	68	0	1	421	291	711	3e-107	401
002cf59cd2e44a32182a87f3c418dd82	gi|195969296|gb|EU883404.1|	83.886	422	66	2	1	421	156	576	3e-107	401
002cf59cd2e44a32182a87f3c418dd82	gi|302126037|emb|FN600275.1|	88.146	329	39	0	1	329	93	421	2e-104	392
002cf59cd2e44a32182a87f3c418dd82	gi|1799706669|gb|MN593345.1|	83.491	424	64	5	1	421	6445	6865	7e-104	390
002cf59cd2e44a32182a87f3c418dd82	gi|2006302361|gb|CP060338.1|	83.294	425	63	6	1	421	10320	10740	3e-102	385
002cf59cd2e44a32182a87f3c418dd82	gi|1919569902|ref|NC_050879.1|	83.135	421	71	0	1	421	294	714	3e-102	385
002cf59cd2e44a32182a87f3c418dd82	gi|1905450553|gb|MN657181.1|	83.135	421	71	0	1	421	294	714	3e-102	385
002cf59cd2e44a32182a87f3c418dd82	gi|302126159|emb|FN600336.1|	87.576	330	39	2	1	329	264	592	4e-101	381
002cf59cd2e44a32182a87f3c418dd82	gi|302126113|emb|FN600313.1|	87.576	330	39	2	1	329	264	592	4e-101	381
002cf59cd2e44a32182a87f3c418dd82	gi|302126099|emb|FN600306.1|	87.576	330	39	2	1	329	264	592	4e-101	381
002cf59cd2e44a32182a87f3c418dd82	gi|302126093|emb|FN600303.1|	87.576	330	39	2	1	329	264	592	4e-101	381
002cf59cd2e44a32182a87f3c418dd82	gi|302125869|emb|FN600191.1|	87.576	330	39	2	1	329	93	421	4e-101	381
002cf59cd2e44a32182a87f3c418dd82	gi|302126137|emb|FN600325.1|	87.273	330	40	2	1	329	264	592	2e-99	375
002cf59cd2e44a32182a87f3c418dd82	gi|302126127|emb|FN600320.1|	87.273	330	40	2	1	329	264	592	2e-99	375
002cf59cd2e44a32182a87f3c418dd82	gi|302125903|emb|FN600208.1|	87.273	330	40	2	1	329	93	421	2e-99	375
002cf59cd2e44a32182a87f3c418dd82	gi|1564980462|emb|LR026995.1|	82.933	416	67	3	2	415	3351850	3352263	3e-98	372
002cf59cd2e44a32182a87f3c418dd82	gi|302125971|emb|FN600242.1|	86.970	330	41	2	1	329	93	421	9e-98	370
002cf59cd2e44a32182a87f3c418dd82	gi|1214141421|gb|KY775582.1|	82.410	415	73	0	1	415	21459	21873	2e-95	363
002cf59cd2e44a32182a87f3c418dd82	gi|2172619965|ref|NC_059911.1|	82.494	417	69	4	1	415	7541	7955	2e-95	363
002cf59cd2e44a32182a87f3c418dd82	gi|218138600|gb|FJ501236.1|	81.991	422	74	2	1	421	145	565	7e-94	357
002cf59cd2e44a32182a87f3c418dd82	gi|347005580|gb|CP003002.1|	82.033	423	70	5	2	421	2715529	2715110	3e-93	355
002cf59cd2e44a32182a87f3c418dd82	gi|302125977|emb|FN600245.1|	88.040	301	34	2	1	300	93	392	3e-93	355
002cf59cd2e44a32182a87f3c418dd82	gi|302125983|emb|FN600248.1|	86.061	330	44	2	1	329	93	421	9e-93	353
002cf59cd2e44a32182a87f3c418dd82	gi|372460080|gb|JN574866.1|	81.710	421	75	2	2	421	146	565	1e-91	350
002cf59cd2e44a32182a87f3c418dd82	gi|372460082|gb|JN574867.1|	81.710	421	75	2	2	421	146	565	1e-91	350
002cf59cd2e44a32182a87f3c418dd82	gi|218138596|gb|FJ501232.1|	81.710	421	75	2	2	421	146	565	1e-91	350
002cf59cd2e44a32182a87f3c418dd82	gi|302126087|emb|FN600300.1|	85.758	330	45	2	1	329	264	592	4e-91	348
002cf59cd2e44a32182a87f3c418dd82	gi|302125763|emb|FN599593.1|	85.714	329	47	0	1	329	93	421	4e-91	348
002cf59cd2e44a32182a87f3c418dd82	gi|1690434287|gb|MH924828.1|	81.731	416	74	2	1	415	288	702	2e-90	346
002cf59cd2e44a32182a87f3c418dd82	gi|1566846599|dbj|AP019407.1|	81.517	422	76	2	1	421	18659	19079	2e-90	346
002cf59cd2e44a32182a87f3c418dd82	gi|828349069|gb|KR952335.1|	81.604	424	72	5	1	421	10807	10387	2e-90	346
002cf59cd2e44a32182a87f3c418dd82	gi|316891688|gb|HQ622809.1|	81.775	417	72	3	1	415	1774	2188	2e-90	346
002cf59cd2e44a32182a87f3c418dd82	gi|9957434|gb|AF178444.1|	81.473	421	78	0	1	421	1281	1701	2e-90	346
002cf59cd2e44a32182a87f3c418dd82	gi|9957432|gb|AF178443.1|	81.473	421	78	0	1	421	1374	1794	2e-90	346
002cf59cd2e44a32182a87f3c418dd82	gi|302126145|emb|FN600329.1|	85.455	330	46	2	1	329	264	592	2e-89	342
002cf59cd2e44a32182a87f3c418dd82	gi|302125969|emb|FN600241.1|	85.410	329	48	0	1	329	93	421	2e-89	342
002cf59cd2e44a32182a87f3c418dd82	gi|1851725185|dbj|LC545447.1|	81.280	422	77	2	1	421	26724	26304	7e-89	340
002cf59cd2e44a32182a87f3c418dd82	gi|1535792216|ref|NC_040166.1|	81.280	422	77	2	1	421	20434	20854	7e-89	340
002cf59cd2e44a32182a87f3c418dd82	gi|1514859390|gb|MK061298.1|	81.280	422	77	2	1	421	20434	20854	7e-89	340
002cf59cd2e44a32182a87f3c418dd82	gi|2201814441|dbj|LC670769.1|	81.280	422	77	2	1	421	9976	9556	7e-89	340
002cf59cd2e44a32182a87f3c418dd82	gi|2041232377|gb|MW816869.1|	81.280	422	77	2	1	421	20358	20778	7e-89	340
002cf59cd2e44a32182a87f3c418dd82	gi|1968789722|dbj|AP024442.1|	81.280	422	77	2	1	421	20442	20862	7e-89	340
002cf59cd2e44a32182a87f3c418dd82	gi|1968777813|dbj|AP024433.1|	81.280	422	77	2	1	421	20442	20862	7e-89	340
002cf59cd2e44a32182a87f3c418dd82	gi|354548779|dbj|AP012272.1|	81.280	422	77	2	1	421	20436	20856	7e-89	340
002cf59cd2e44a32182a87f3c418dd82	gi|218138607|gb|FJ501249.1|	81.579	418	71	3	1	415	145	559	7e-89	340
002cf59cd2e44a32182a87f3c418dd82	gi|218138602|gb|FJ501244.1|	81.412	425	71	6	1	421	127	547	7e-89	340
002cf59cd2e44a32182a87f3c418dd82	gi|9971736|gb|AF177534.1|	81.280	422	77	2	1	421	1281	1701	7e-89	340
002cf59cd2e44a32182a87f3c418dd82	gi|75993215|gb|DQ207726.1|	81.280	422	77	2	1	421	20171	20591	7e-89	340
002cf59cd2e44a32182a87f3c418dd82	gi|9957436|gb|AF178445.1|	81.280	422	77	2	1	421	1377	1797	7e-89	340
002cf59cd2e44a32182a87f3c418dd82	gi|302126334|emb|FN640487.1|	84.802	329	50	0	1	329	93	421	4e-86	331
002cf59cd2e44a32182a87f3c418dd82	gi|302126013|emb|FN600263.1|	84.802	329	50	0	1	329	93	421	4e-86	331
002cf59cd2e44a32182a87f3c418dd82	gi|219964439|gb|FJ544551.1|	81.527	406	72	3	2	406	146	549	4e-86	331
002cf59cd2e44a32182a87f3c418dd82	gi|1108491047|gb|KX061492.1|	81.146	419	71	7	1	415	16841	17255	2e-85	329
002cf59cd2e44a32182a87f3c418dd82	gi|372460068|gb|JN574860.1|	81.010	416	77	2	1	415	145	559	2e-85	329
002cf59cd2e44a32182a87f3c418dd82	gi|354464885|gb|JN696111.1|	81.055	417	75	3	1	415	12892	13306	2e-85	329
002cf59cd2e44a32182a87f3c418dd82	gi|302126448|emb|FN640544.1|	84.498	329	51	0	1	329	93	421	2e-84	326
002cf59cd2e44a32182a87f3c418dd82	gi|302126035|emb|FN600274.1|	84.498	329	51	0	1	329	93	421	2e-84	326
002cf59cd2e44a32182a87f3c418dd82	gi|302126031|emb|FN600272.1|	84.545	330	49	2	1	329	93	421	2e-84	326
002cf59cd2e44a32182a87f3c418dd82	gi|874509979|gb|KR952336.1|	80.815	417	76	3	1	415	18117	18531	7e-84	324
002cf59cd2e44a32182a87f3c418dd82	gi|372460096|gb|JN574874.1|	80.769	416	78	2	1	415	145	559	7e-84	324
002cf59cd2e44a32182a87f3c418dd82	gi|372460066|gb|JN574859.1|	80.723	415	80	0	1	415	145	559	7e-84	324
002cf59cd2e44a32182a87f3c418dd82	gi|302126452|emb|FN640546.1|	84.195	329	52	0	1	329	93	421	9e-83	320
002cf59cd2e44a32182a87f3c418dd82	gi|302126440|emb|FN640540.1|	84.195	329	52	0	1	329	93	421	9e-83	320
002cf59cd2e44a32182a87f3c418dd82	gi|302126382|emb|FN640511.1|	84.195	329	52	0	1	329	93	421	9e-83	320
002cf59cd2e44a32182a87f3c418dd82	gi|2192922223|ref|NC_060510.1|	80.332	422	81	2	1	421	6811	7231	3e-82	318
002cf59cd2e44a32182a87f3c418dd82	gi|302126438|emb|FN640539.1|	84.639	319	49	0	1	319	93	411	3e-82	318
002cf59cd2e44a32182a87f3c418dd82	gi|302126340|emb|FN640490.1|	83.891	329	53	0	1	329	93	421	4e-81	315
002cf59cd2e44a32182a87f3c418dd82	gi|302126025|emb|FN600269.1|	83.939	330	51	2	1	329	93	421	4e-81	315
002cf59cd2e44a32182a87f3c418dd82	gi|302125987|emb|FN600250.1|	83.891	329	53	0	1	329	93	421	4e-81	315
002cf59cd2e44a32182a87f3c418dd82	gi|302125771|emb|FN599597.1|	83.891	329	53	0	1	329	93	421	4e-81	315
002cf59cd2e44a32182a87f3c418dd82	gi|2055414863|ref|NC_056323.1|	84.494	316	47	2	1	315	288	602	6e-80	311
002cf59cd2e44a32182a87f3c418dd82	gi|1022945677|gb|KU530219.1|	80.096	417	79	3	1	415	7120	7534	7e-79	307
002cf59cd2e44a32182a87f3c418dd82	gi|820948436|gb|KP296921.1|	80.440	409	74	6	2	407	199	604	7e-79	307
002cf59cd2e44a32182a87f3c418dd82	gi|302125775|emb|FN599599.1|	83.537	328	54	0	2	329	94	421	7e-79	307
002cf59cd2e44a32182a87f3c418dd82	gi|9957442|gb|AF178448.1|	82.254	355	63	0	67	421	8	362	7e-79	307
002cf59cd2e44a32182a87f3c418dd82	gi|9957440|gb|AF178447.1|	82.254	355	63	0	67	421	8	362	7e-79	307
002cf59cd2e44a32182a87f3c418dd82	gi|302125681|emb|FN599552.1|	83.232	328	55	0	2	329	94	421	3e-77	302
002cf59cd2e44a32182a87f3c418dd82	gi|9957438|gb|AF178446.1|	82.022	356	62	2	67	421	8	362	3e-77	302
002cf59cd2e44a32182a87f3c418dd82	gi|77863240|gb|DQ198455.1|	79.902	408	80	2	1	407	37	443	1e-76	300
002cf59cd2e44a32182a87f3c418dd82	gi|1834978349|ref|NC_047444.1|	79.433	423	81	5	2	421	7570	7989	6e-75	294
002cf59cd2e44a32182a87f3c418dd82	gi|1832106589|gb|MK919205.1|	79.433	423	81	5	2	421	7570	7989	6e-75	294
002cf59cd2e44a32182a87f3c418dd82	gi|2030568843|gb|MN960691.1|	79.433	423	81	5	2	421	7532	7951	6e-75	294
002cf59cd2e44a32182a87f3c418dd82	gi|77863239|gb|DQ198454.1|	80.203	394	76	2	1	393	37	429	6e-75	294
002cf59cd2e44a32182a87f3c418dd82	gi|302125781|emb|FN599602.1|	82.675	329	57	0	1	329	93	421	2e-74	292
002cf59cd2e44a32182a87f3c418dd82	gi|302126436|emb|FN640538.1|	82.530	332	52	5	1	329	93	421	9e-73	287
002cf59cd2e44a32182a87f3c418dd82	gi|302126332|emb|FN640486.1|	82.371	329	58	0	1	329	93	421	9e-73	287
002cf59cd2e44a32182a87f3c418dd82	gi|302125779|emb|FN599601.1|	82.371	329	58	0	1	329	93	421	9e-73	287
002cf59cd2e44a32182a87f3c418dd82	gi|302125705|emb|FN599564.1|	82.371	329	58	0	1	329	93	421	9e-73	287
002cf59cd2e44a32182a87f3c418dd82	gi|961540584|gb|KR099129.1|	82.462	325	55	2	5	328	199	522	1e-71	283
002cf59cd2e44a32182a87f3c418dd82	gi|302126045|emb|FN600279.1|	82.067	329	59	0	1	329	93	421	4e-71	281
002cf59cd2e44a32182a87f3c418dd82	gi|302125809|emb|FN599616.1|	82.067	329	59	0	1	329	93	421	4e-71	281
002cf59cd2e44a32182a87f3c418dd82	gi|302125787|emb|FN599605.1|	82.067	329	59	0	1	329	93	421	4e-71	281
002cf59cd2e44a32182a87f3c418dd82	gi|302125691|emb|FN599557.1|	82.067	329	59	0	1	329	93	421	4e-71	281
002cf59cd2e44a32182a87f3c418dd82	gi|373402454|gb|JN626048.1|	83.279	305	47	3	1	303	274	576	6e-70	278
002cf59cd2e44a32182a87f3c418dd82	gi|746719288|gb|KM042211.1|	82.595	316	51	3	2	315	285	598	2e-69	276
002cf59cd2e44a32182a87f3c418dd82	gi|302125797|emb|FN599610.1|	81.763	329	60	0	1	329	93	421	2e-69	276
002cf59cd2e44a32182a87f3c418dd82	gi|302125789|emb|FN599606.1|	81.763	329	60	0	1	329	93	421	2e-69	276
002cf59cd2e44a32182a87f3c418dd82	gi|302125761|emb|FN599592.1|	81.763	329	60	0	1	329	93	421	2e-69	276
002cf59cd2e44a32182a87f3c418dd82	gi|302125723|emb|FN599573.1|	81.763	329	60	0	1	329	93	421	2e-69	276
002cf59cd2e44a32182a87f3c418dd82	gi|302125703|emb|FN599563.1|	81.763	329	60	0	1	329	93	421	2e-69	276
002cf59cd2e44a32182a87f3c418dd82	gi|55925030|gb|AY802759.1|	82.132	319	57	0	1	319	387	705	7e-69	274
002cf59cd2e44a32182a87f3c418dd82	gi|12751551|gb|AF271619.2|	82.132	319	57	0	1	319	1036	1354	7e-69	274
002cf59cd2e44a32182a87f3c418dd82	gi|77157972|gb|DQ217399.1|	82.132	319	57	0	1	319	20520	20838	7e-69	274
002cf59cd2e44a32182a87f3c418dd82	gi|1941200890|gb|MW201232.1|	83.062	307	44	4	1	303	216	518	3e-68	272
002cf59cd2e44a32182a87f3c418dd82	gi|926823177|gb|KP987537.1|	80.392	357	68	2	1	356	201	556	1e-67	270
002cf59cd2e44a32182a87f3c418dd82	gi|302126384|emb|FN640512.1|	81.459	329	61	0	1	329	93	421	1e-67	270
002cf59cd2e44a32182a87f3c418dd82	gi|302126336|emb|FN640488.1|	81.571	331	57	4	1	329	93	421	1e-67	270
002cf59cd2e44a32182a87f3c418dd82	gi|302125693|emb|FN599558.1|	81.459	329	61	0	1	329	93	421	1e-67	270
002cf59cd2e44a32182a87f3c418dd82	gi|221079487|gb|EU982142.1|	84.000	275	44	0	141	415	1	275	4e-66	265
002cf59cd2e44a32182a87f3c418dd82	gi|222093379|gb|FJ004543.1|	83.636	275	45	0	141	415	1	275	2e-64	259
002cf59cd2e44a32182a87f3c418dd82	gi|222093339|gb|FJ004523.1|	83.636	275	45	0	141	415	1	275	2e-64	259
002cf59cd2e44a32182a87f3c418dd82	gi|221079489|gb|EU982143.1|	83.636	275	45	0	141	415	1	275	2e-64	259
002cf59cd2e44a32182a87f3c418dd82	gi|120545353|gb|EF180346.1|	83.162	291	41	4	1	287	259	545	2e-64	259
002cf59cd2e44a32182a87f3c418dd82	gi|120545345|gb|EF180342.1|	83.162	291	41	4	1	287	259	545	2e-64	259
002cf59cd2e44a32182a87f3c418dd82	gi|336443699|gb|HQ850896.1|	81.388	317	55	3	1	315	315	1	3e-63	255
002cf59cd2e44a32182a87f3c418dd82	gi|336443697|gb|HQ850895.1|	81.447	318	53	3	1	315	315	1	3e-63	255
002cf59cd2e44a32182a87f3c418dd82	gi|336443679|gb|HQ850886.1|	81.447	318	53	3	1	315	315	1	3e-63	255
002cf59cd2e44a32182a87f3c418dd82	gi|336443669|gb|HQ850881.1|	81.447	318	53	3	1	315	315	1	3e-63	255
002cf59cd2e44a32182a87f3c418dd82	gi|336443657|gb|HQ850875.1|	81.447	318	53	3	1	315	315	1	3e-63	255
002cf59cd2e44a32182a87f3c418dd82	gi|336443649|gb|HQ850871.1|	81.447	318	53	3	1	315	315	1	3e-63	255
002cf59cd2e44a32182a87f3c418dd82	gi|120544927|gb|EF180133.1|	83.045	289	42	6	1	287	259	542	3e-63	255
002cf59cd2e44a32182a87f3c418dd82	gi|222093375|gb|FJ004541.1|	83.039	283	44	4	141	421	1	281	1e-62	254
002cf59cd2e44a32182a87f3c418dd82	gi|222093305|gb|FJ004506.1|	83.273	275	46	0	141	415	1	275	1e-62	254
002cf59cd2e44a32182a87f3c418dd82	gi|302126442|emb|FN640541.1|	80.547	329	64	0	1	329	93	421	1e-62	254
002cf59cd2e44a32182a87f3c418dd82	gi|302126408|emb|FN640524.1|	80.547	329	64	0	1	329	93	421	1e-62	254
002cf59cd2e44a32182a87f3c418dd82	gi|120544977|gb|EF180158.1|	82.759	290	44	5	1	287	259	545	1e-62	254
002cf59cd2e44a32182a87f3c418dd82	gi|120544963|gb|EF180151.1|	82.759	290	44	5	1	287	259	545	1e-62	254
002cf59cd2e44a32182a87f3c418dd82	gi|120544853|gb|EF180096.1|	82.578	287	50	0	1	287	259	545	1e-62	254
002cf59cd2e44a32182a87f3c418dd82	gi|336443689|gb|HQ850891.1|	81.073	317	56	3	1	315	315	1	1e-61	250
002cf59cd2e44a32182a87f3c418dd82	gi|336443685|gb|HQ850889.1|	81.132	318	54	3	1	315	315	1	1e-61	250
002cf59cd2e44a32182a87f3c418dd82	gi|336443659|gb|HQ850876.1|	81.073	317	56	3	1	315	315	1	1e-61	250
002cf59cd2e44a32182a87f3c418dd82	gi|336443639|gb|HQ850866.1|	81.073	317	56	3	1	315	315	1	1e-61	250
002cf59cd2e44a32182a87f3c418dd82	gi|222093371|gb|FJ004539.1|	82.909	275	47	0	141	415	1	275	4e-61	248
002cf59cd2e44a32182a87f3c418dd82	gi|222093365|gb|FJ004536.1|	82.909	275	47	0	141	415	1	275	4e-61	248
002cf59cd2e44a32182a87f3c418dd82	gi|222093321|gb|FJ004514.1|	82.909	275	47	0	141	415	1	275	4e-61	248
002cf59cd2e44a32182a87f3c418dd82	gi|120545547|gb|EF180443.1|	82.353	289	47	3	1	287	259	545	4e-61	248
002cf59cd2e44a32182a87f3c418dd82	gi|120545309|gb|EF180324.1|	82.353	289	47	3	1	287	259	545	4e-61	248
002cf59cd2e44a32182a87f3c418dd82	gi|120545143|gb|EF180241.1|	82.353	289	47	3	1	287	259	545	4e-61	248
002cf59cd2e44a32182a87f3c418dd82	gi|120544863|gb|EF180101.1|	82.353	289	47	3	1	287	259	545	4e-61	248
002cf59cd2e44a32182a87f3c418dd82	gi|120544867|gb|EF180103.1|	82.353	289	47	3	1	287	259	545	4e-61	248
002cf59cd2e44a32182a87f3c418dd82	gi|120544859|gb|EF180099.1|	82.353	289	47	3	1	287	259	545	4e-61	248
002cf59cd2e44a32182a87f3c418dd82	gi|380702244|gb|JQ354999.1|	80.625	320	60	2	1	319	22554	22872	2e-60	246
002cf59cd2e44a32182a87f3c418dd82	gi|336443647|gb|HQ850870.1|	80.818	318	55	3	1	315	315	1	6e-60	244
002cf59cd2e44a32182a87f3c418dd82	gi|219964426|gb|FJ544538.1|	77.749	391	83	4	1	390	388	1	6e-60	244
002cf59cd2e44a32182a87f3c418dd82	gi|222093377|gb|FJ004542.1|	82.609	276	46	2	141	415	1	275	2e-59	243
002cf59cd2e44a32182a87f3c418dd82	gi|120545543|gb|EF180441.1|	82.007	289	48	3	1	287	259	545	2e-59	243
002cf59cd2e44a32182a87f3c418dd82	gi|120545409|gb|EF180374.1|	82.007	289	48	3	1	287	259	545	2e-59	243
002cf59cd2e44a32182a87f3c418dd82	gi|120545133|gb|EF180236.1|	82.007	289	48	4	1	287	259	545	2e-59	243
002cf59cd2e44a32182a87f3c418dd82	gi|120545123|gb|EF180231.1|	82.007	289	48	3	1	287	259	545	2e-59	243
002cf59cd2e44a32182a87f3c418dd82	gi|120545043|gb|EF180191.1|	82.007	289	48	3	1	287	259	545	2e-59	243
002cf59cd2e44a32182a87f3c418dd82	gi|120544887|gb|EF180113.1|	82.007	289	48	3	1	287	259	545	2e-59	243
002cf59cd2e44a32182a87f3c418dd82	gi|120544865|gb|EF180102.1|	82.007	289	48	3	1	287	259	545	2e-59	243
002cf59cd2e44a32182a87f3c418dd82	gi|120545421|gb|EF180380.1|	82.007	289	45	5	1	287	259	542	3e-58	239
002cf59cd2e44a32182a87f3c418dd82	gi|221079469|gb|EU982133.1|	81.851	281	51	0	141	421	1	281	1e-57	237
002cf59cd2e44a32182a87f3c418dd82	gi|221079437|gb|EU982117.1|	82.246	276	47	2	141	415	1	275	1e-57	237
002cf59cd2e44a32182a87f3c418dd82	gi|120545501|gb|EF180420.1|	81.724	290	47	3	1	287	259	545	1e-57	237
002cf59cd2e44a32182a87f3c418dd82	gi|120545443|gb|EF180391.1|	81.724	290	47	2	1	287	259	545	1e-57	237
002cf59cd2e44a32182a87f3c418dd82	gi|120545429|gb|EF180384.1|	81.661	289	49	3	1	287	259	545	1e-57	237
002cf59cd2e44a32182a87f3c418dd82	gi|120545383|gb|EF180361.1|	81.661	289	49	3	1	287	259	545	1e-57	237
002cf59cd2e44a32182a87f3c418dd82	gi|120545373|gb|EF180356.1|	81.661	289	49	3	1	287	259	545	1e-57	237
002cf59cd2e44a32182a87f3c418dd82	gi|120545327|gb|EF180333.1|	81.661	289	49	3	1	287	259	545	1e-57	237
002cf59cd2e44a32182a87f3c418dd82	gi|120545295|gb|EF180317.1|	81.661	289	49	3	1	287	259	545	1e-57	237
002cf59cd2e44a32182a87f3c418dd82	gi|120545297|gb|EF180318.1|	81.661	289	49	3	1	287	259	545	1e-57	237
002cf59cd2e44a32182a87f3c418dd82	gi|120545273|gb|EF180306.1|	81.661	289	49	3	1	287	259	545	1e-57	237
002cf59cd2e44a32182a87f3c418dd82	gi|120545267|gb|EF180303.1|	81.724	290	47	3	1	287	259	545	1e-57	237
002cf59cd2e44a32182a87f3c418dd82	gi|120545229|gb|EF180284.1|	81.661	289	49	3	1	287	259	545	1e-57	237
002cf59cd2e44a32182a87f3c418dd82	gi|120545227|gb|EF180283.1|	81.661	289	49	3	1	287	259	545	1e-57	237
002cf59cd2e44a32182a87f3c418dd82	gi|120545223|gb|EF180281.1|	81.661	289	49	3	1	287	259	545	1e-57	237
002cf59cd2e44a32182a87f3c418dd82	gi|120545177|gb|EF180258.1|	81.661	289	49	3	1	287	259	545	1e-57	237
002cf59cd2e44a32182a87f3c418dd82	gi|120545179|gb|EF180259.1|	81.661	289	49	3	1	287	259	545	1e-57	237
002cf59cd2e44a32182a87f3c418dd82	gi|120545173|gb|EF180256.1|	81.661	289	49	3	1	287	259	545	1e-57	237
002cf59cd2e44a32182a87f3c418dd82	gi|120545163|gb|EF180251.1|	81.661	289	49	3	1	287	259	545	1e-57	237
002cf59cd2e44a32182a87f3c418dd82	gi|120545153|gb|EF180246.1|	81.661	289	49	3	1	287	259	545	1e-57	237
002cf59cd2e44a32182a87f3c418dd82	gi|120545073|gb|EF180206.1|	81.661	289	49	3	1	287	259	545	1e-57	237
002cf59cd2e44a32182a87f3c418dd82	gi|120545049|gb|EF180194.1|	81.661	289	49	3	1	287	259	545	1e-57	237
002cf59cd2e44a32182a87f3c418dd82	gi|120545001|gb|EF180170.1|	81.661	289	49	3	1	287	259	545	1e-57	237
002cf59cd2e44a32182a87f3c418dd82	gi|120544997|gb|EF180168.1|	81.661	289	49	3	1	287	259	545	1e-57	237
002cf59cd2e44a32182a87f3c418dd82	gi|120544879|gb|EF180109.1|	81.661	289	49	3	1	287	259	545	1e-57	237
002cf59cd2e44a32182a87f3c418dd82	gi|302126358|emb|FN640499.1|	79.697	330	63	4	2	329	94	421	3e-57	235
002cf59cd2e44a32182a87f3c418dd82	gi|157704004|gb|EU021017.1|	82.642	265	46	0	1	265	237	501	3e-57	235
002cf59cd2e44a32182a87f3c418dd82	gi|157703994|gb|EU021012.1|	82.642	265	46	0	1	265	237	501	3e-57	235
002cf59cd2e44a32182a87f3c418dd82	gi|306412723|gb|GQ379930.1|	82.397	267	47	0	1	267	271	537	1e-56	233
002cf59cd2e44a32182a87f3c418dd82	gi|222093387|gb|FJ004547.1|	84.232	241	36	2	182	421	42	281	1e-56	233
002cf59cd2e44a32182a87f3c418dd82	gi|2214678636|ref|NC_061762.1|	86.111	216	28	2	207	421	12724	12938	4e-56	231
002cf59cd2e44a32182a87f3c418dd82	gi|2206982217|gb|OK326902.1|	86.111	216	28	2	207	421	12724	12938	4e-56	231
002cf59cd2e44a32182a87f3c418dd82	gi|222093409|gb|FJ004558.1|	82.014	278	44	6	141	415	1	275	4e-56	231
002cf59cd2e44a32182a87f3c418dd82	gi|222093381|gb|FJ004544.1|	81.818	275	50	0	141	415	1	275	4e-56	231
002cf59cd2e44a32182a87f3c418dd82	gi|222093361|gb|FJ004534.1|	81.818	275	50	0	141	415	1	275	4e-56	231
002cf59cd2e44a32182a87f3c418dd82	gi|222093357|gb|FJ004532.1|	81.949	277	46	3	141	415	1	275	4e-56	231
002cf59cd2e44a32182a87f3c418dd82	gi|221079471|gb|EU982134.1|	81.818	275	50	0	141	415	1	275	4e-56	231
002cf59cd2e44a32182a87f3c418dd82	gi|221079453|gb|EU982125.1|	81.884	276	48	2	141	415	1	275	4e-56	231
002cf59cd2e44a32182a87f3c418dd82	gi|120545511|gb|EF180425.1|	81.315	289	50	3	1	287	259	545	4e-56	231
002cf59cd2e44a32182a87f3c418dd82	gi|120545483|gb|EF180411.1|	81.315	289	50	3	1	287	259	545	4e-56	231
002cf59cd2e44a32182a87f3c418dd82	gi|120545473|gb|EF180406.1|	81.315	289	50	3	1	287	259	545	4e-56	231
002cf59cd2e44a32182a87f3c418dd82	gi|120545399|gb|EF180369.1|	81.315	289	50	3	1	287	259	545	4e-56	231
002cf59cd2e44a32182a87f3c418dd82	gi|120545329|gb|EF180334.1|	81.315	289	50	3	1	287	259	545	4e-56	231
002cf59cd2e44a32182a87f3c418dd82	gi|120545215|gb|EF180277.1|	81.315	289	50	3	1	287	259	545	4e-56	231
002cf59cd2e44a32182a87f3c418dd82	gi|120545183|gb|EF180261.1|	81.315	289	50	3	1	287	259	545	4e-56	231
002cf59cd2e44a32182a87f3c418dd82	gi|120545087|gb|EF180213.1|	81.315	289	50	3	1	287	259	545	4e-56	231
002cf59cd2e44a32182a87f3c418dd82	gi|120545085|gb|EF180212.1|	81.315	289	50	3	1	287	259	545	4e-56	231
002cf59cd2e44a32182a87f3c418dd82	gi|120545061|gb|EF180200.1|	81.315	289	50	3	1	287	259	545	4e-56	231
002cf59cd2e44a32182a87f3c418dd82	gi|120544989|gb|EF180164.1|	81.315	289	50	3	1	287	259	545	4e-56	231
002cf59cd2e44a32182a87f3c418dd82	gi|120544957|gb|EF180148.1|	81.315	289	50	3	1	287	259	545	4e-56	231
002cf59cd2e44a32182a87f3c418dd82	gi|120544953|gb|EF180146.1|	81.315	289	50	3	1	287	259	545	4e-56	231
002cf59cd2e44a32182a87f3c418dd82	gi|120544949|gb|EF180144.1|	81.315	289	50	3	1	287	259	545	4e-56	231
002cf59cd2e44a32182a87f3c418dd82	gi|120544939|gb|EF180139.1|	81.315	289	50	3	1	287	259	545	4e-56	231
002cf59cd2e44a32182a87f3c418dd82	gi|120544941|gb|EF180140.1|	81.315	289	50	3	1	287	259	545	4e-56	231
002cf59cd2e44a32182a87f3c418dd82	gi|120544903|gb|EF180121.1|	81.315	289	50	3	1	287	259	545	4e-56	231
002cf59cd2e44a32182a87f3c418dd82	gi|157704028|gb|EU021029.1|	82.264	265	47	0	1	265	237	501	2e-55	230
002cf59cd2e44a32182a87f3c418dd82	gi|157704024|gb|EU021027.1|	82.264	265	47	0	1	265	237	501	2e-55	230
002cf59cd2e44a32182a87f3c418dd82	gi|222093355|gb|FJ004531.1|	81.455	275	51	0	141	415	1	275	2e-54	226
002cf59cd2e44a32182a87f3c418dd82	gi|222093341|gb|FJ004524.1|	81.455	275	51	0	141	415	1	275	2e-54	226
002cf59cd2e44a32182a87f3c418dd82	gi|221079495|gb|EU982146.1|	81.455	275	51	0	141	415	1	275	2e-54	226
002cf59cd2e44a32182a87f3c418dd82	gi|221079473|gb|EU982135.1|	81.455	275	51	0	141	415	1	275	2e-54	226
002cf59cd2e44a32182a87f3c418dd82	gi|120545513|gb|EF180426.1|	80.969	289	51	3	1	287	259	545	2e-54	226
002cf59cd2e44a32182a87f3c418dd82	gi|120545255|gb|EF180297.1|	80.969	289	51	3	1	287	259	545	2e-54	226
002cf59cd2e44a32182a87f3c418dd82	gi|120544947|gb|EF180143.1|	80.969	289	51	3	1	287	259	545	2e-54	226
002cf59cd2e44a32182a87f3c418dd82	gi|157704046|gb|EU021038.1|	81.887	265	48	0	1	265	237	501	8e-54	224
002cf59cd2e44a32182a87f3c418dd82	gi|222093307|gb|FJ004507.1|	81.362	279	47	5	141	415	1	278	3e-53	222
002cf59cd2e44a32182a87f3c418dd82	gi|157704042|gb|EU021036.1|	81.887	265	47	1	1	264	237	501	3e-53	222
002cf59cd2e44a32182a87f3c418dd82	gi|2070136638|gb|MW924652.1|	80.903	288	48	5	110	395	14655	14937	1e-52	220
002cf59cd2e44a32182a87f3c418dd82	gi|222093405|gb|FJ004556.1|	81.091	275	52	0	141	415	1	275	1e-52	220
002cf59cd2e44a32182a87f3c418dd82	gi|222093401|gb|FJ004554.1|	81.159	276	50	2	141	415	1	275	1e-52	220
002cf59cd2e44a32182a87f3c418dd82	gi|222093391|gb|FJ004549.1|	81.091	275	52	0	141	415	1	275	1e-52	220
002cf59cd2e44a32182a87f3c418dd82	gi|157704020|gb|EU021025.1|	81.509	265	49	0	1	265	237	501	3e-52	219
002cf59cd2e44a32182a87f3c418dd82	gi|221079483|gb|EU982140.1|	80.727	275	53	0	141	415	1	275	5e-51	215
002cf59cd2e44a32182a87f3c418dd82	gi|157704022|gb|EU021026.1|	81.132	265	50	0	1	265	237	501	2e-50	213
002cf59cd2e44a32182a87f3c418dd82	gi|157704018|gb|EU021024.1|	81.132	265	50	0	1	265	237	501	2e-50	213
002cf59cd2e44a32182a87f3c418dd82	gi|157704014|gb|EU021022.1|	81.132	265	50	0	1	265	237	501	2e-50	213
002cf59cd2e44a32182a87f3c418dd82	gi|2172006256|gb|MZ394775.1|	76.386	415	84	11	8	415	280	687	6e-50	211
002cf59cd2e44a32182a87f3c418dd82	gi|2172006254|gb|MZ394774.1|	76.386	415	84	11	8	415	280	687	6e-50	211
002cf59cd2e44a32182a87f3c418dd82	gi|2172006252|gb|MZ394773.1|	76.386	415	84	11	8	415	280	687	6e-50	211
002cf59cd2e44a32182a87f3c418dd82	gi|2172006250|gb|MZ394772.1|	76.386	415	84	11	8	415	280	687	6e-50	211
002cf59cd2e44a32182a87f3c418dd82	gi|306412727|gb|GQ379934.1|	82.700	237	41	0	1	237	282	518	6e-50	211
002cf59cd2e44a32182a87f3c418dd82	gi|306412725|gb|GQ379933.1|	82.700	237	41	0	1	237	270	506	6e-50	211
002cf59cd2e44a32182a87f3c418dd82	gi|221079457|gb|EU982127.1|	80.364	275	54	0	141	415	1	275	2e-49	209
002cf59cd2e44a32182a87f3c418dd82	gi|355331685|gb|JN700950.1|	75.935	428	88	14	1	420	13163	13583	3e-48	206
002cf59cd2e44a32182a87f3c418dd82	gi|339433797|gb|JN041209.1|	82.609	230	38	2	100	328	37139	37367	4e-47	202
002cf59cd2e44a32182a87f3c418dd82	gi|120545039|gb|EF180189.1|	79.514	288	55	3	2	287	260	545	4e-47	202
002cf59cd2e44a32182a87f3c418dd82	gi|120545035|gb|EF180187.1|	79.514	288	55	3	2	287	260	545	4e-47	202
002cf59cd2e44a32182a87f3c418dd82	gi|120545033|gb|EF180186.1|	79.514	288	55	3	2	287	260	545	4e-47	202
002cf59cd2e44a32182a87f3c418dd82	gi|323114155|gb|HQ953251.1|	75.837	418	81	15	8	415	245	652	6e-45	195
002cf59cd2e44a32182a87f3c418dd82	gi|323114159|gb|HQ953253.1|	75.598	418	82	15	8	415	245	652	3e-43	189
002cf59cd2e44a32182a87f3c418dd82	gi|1621569518|gb|MH760242.1|	75.181	415	89	11	8	415	292	699	1e-41	183
002cf59cd2e44a32182a87f3c418dd82	gi|215981857|gb|FJ462244.1|	75.534	421	77	17	8	415	257	664	1e-41	183
002cf59cd2e44a32182a87f3c418dd82	gi|1829765320|ref|NC_046717.1|	76.204	353	72	10	69	415	1821	2167	2e-39	176
002cf59cd2e44a32182a87f3c418dd82	gi|819553912|gb|KP720027.1|	76.338	355	68	13	69	415	305	651	2e-39	176
002cf59cd2e44a32182a87f3c418dd82	gi|347979727|gb|JN677744.1|	76.204	353	72	10	69	415	306	652	2e-39	176
002cf59cd2e44a32182a87f3c418dd82	gi|818931350|gb|KP866411.1|	78.571	280	46	13	143	415	190	462	3e-38	172
002cf59cd2e44a32182a87f3c418dd82	gi|818931346|gb|KR011723.1|	78.495	279	48	10	143	415	191	463	3e-38	172
002cf59cd2e44a32182a87f3c418dd82	gi|818931344|gb|KR011722.1|	78.495	279	48	10	143	415	168	440	3e-38	172
002cf59cd2e44a32182a87f3c418dd82	gi|1994455066|gb|MW214222.1|	74.519	416	90	13	8	415	241	648	4e-37	169
002cf59cd2e44a32182a87f3c418dd82	gi|211998947|gb|EU815594.1|	74.378	402	97	6	17	415	6	404	4e-37	169
002cf59cd2e44a32182a87f3c418dd82	gi|819679334|gb|KR066402.1|	80.000	235	39	7	191	421	256	26	1e-36	167
002cf59cd2e44a32182a87f3c418dd82	gi|758898210|gb|KJ723642.1|	74.762	420	82	16	8	415	175	582	1e-36	167
002cf59cd2e44a32182a87f3c418dd82	gi|574586134|gb|KF808475.1|	74.519	416	90	13	8	415	219	626	1e-36	167
002cf59cd2e44a32182a87f3c418dd82	gi|2192911434|ref|NC_060329.1|	86.275	153	21	0	100	252	78057	78209	1e-36	167
002cf59cd2e44a32182a87f3c418dd82	gi|1994455945|gb|MW214661.1|	74.519	416	90	13	8	415	245	652	1e-36	167
002cf59cd2e44a32182a87f3c418dd82	gi|1994455575|gb|MW214476.1|	74.519	416	90	13	8	415	245	652	1e-36	167
002cf59cd2e44a32182a87f3c418dd82	gi|1994455571|gb|MW214474.1|	74.519	416	90	13	8	415	245	652	1e-36	167
002cf59cd2e44a32182a87f3c418dd82	gi|1994455398|gb|MW214388.1|	74.519	416	90	13	8	415	245	652	1e-36	167
002cf59cd2e44a32182a87f3c418dd82	gi|1994453282|gb|MW213369.1|	74.519	416	90	13	8	415	245	652	1e-36	167
002cf59cd2e44a32182a87f3c418dd82	gi|1994452379|gb|MW212949.1|	74.519	416	90	13	8	415	245	652	1e-36	167
002cf59cd2e44a32182a87f3c418dd82	gi|1994451569|gb|MW212544.1|	74.519	416	90	13	8	415	245	652	1e-36	167
002cf59cd2e44a32182a87f3c418dd82	gi|1994451455|gb|MW212487.1|	74.519	416	90	13	8	415	211	618	1e-36	167
002cf59cd2e44a32182a87f3c418dd82	gi|1994450696|gb|MW212147.1|	74.519	416	90	13	8	415	245	652	1e-36	167
002cf59cd2e44a32182a87f3c418dd82	gi|1994449960|gb|MW211779.1|	74.519	416	90	13	8	415	245	652	1e-36	167
002cf59cd2e44a32182a87f3c418dd82	gi|1994449650|gb|MW211624.1|	74.519	416	90	13	8	415	245	652	1e-36	167
002cf59cd2e44a32182a87f3c418dd82	gi|1994449366|gb|MW211482.1|	74.519	416	90	13	8	415	245	652	1e-36	167
002cf59cd2e44a32182a87f3c418dd82	gi|342765097|gb|JN280332.1|	74.519	416	90	13	8	415	245	652	1e-36	167
002cf59cd2e44a32182a87f3c418dd82	gi|342765095|gb|JN280331.1|	74.519	416	90	13	8	415	218	625	1e-36	167
002cf59cd2e44a32182a87f3c418dd82	gi|320559451|gb|HQ955710.1|	74.519	416	90	13	8	415	245	652	1e-36	167
002cf59cd2e44a32182a87f3c418dd82	gi|300201698|gb|HM392481.1|	74.519	416	90	13	8	415	245	652	1e-36	167
002cf59cd2e44a32182a87f3c418dd82	gi|331145782|gb|JF848450.1|	74.279	416	91	13	8	415	245	652	2e-35	163
002cf59cd2e44a32182a87f3c418dd82	gi|1213951873|gb|KY112824.1|	74.524	420	83	16	8	415	189	596	6e-35	161
002cf59cd2e44a32182a87f3c418dd82	gi|1213951849|gb|KY112812.1|	74.524	420	83	16	8	415	189	596	6e-35	161
002cf59cd2e44a32182a87f3c418dd82	gi|1213951847|gb|KY112811.1|	74.524	420	83	16	8	415	189	596	6e-35	161
002cf59cd2e44a32182a87f3c418dd82	gi|1213951843|gb|KY112809.1|	74.524	420	83	16	8	415	189	596	6e-35	161
002cf59cd2e44a32182a87f3c418dd82	gi|1213951841|gb|KY112808.1|	74.524	420	83	16	8	415	189	596	6e-35	161
002cf59cd2e44a32182a87f3c418dd82	gi|1213951839|gb|KY112807.1|	74.524	420	83	16	8	415	189	596	6e-35	161
002cf59cd2e44a32182a87f3c418dd82	gi|1213951837|gb|KY112806.1|	74.524	420	83	16	8	415	189	596	6e-35	161
002cf59cd2e44a32182a87f3c418dd82	gi|1213951831|gb|KY112803.1|	74.524	420	83	16	8	415	189	596	6e-35	161
002cf59cd2e44a32182a87f3c418dd82	gi|1213951829|gb|KY112802.1|	74.524	420	83	16	8	415	189	596	6e-35	161
002cf59cd2e44a32182a87f3c418dd82	gi|1213951823|gb|KY112799.1|	74.524	420	83	16	8	415	189	596	6e-35	161
002cf59cd2e44a32182a87f3c418dd82	gi|1026287982|gb|KU220614.1|	74.217	415	93	11	8	415	266	673	6e-35	161
002cf59cd2e44a32182a87f3c418dd82	gi|818931362|gb|KR110055.1|	78.229	271	45	13	143	406	124	387	6e-35	161
002cf59cd2e44a32182a87f3c418dd82	gi|818931360|gb|KR110054.1|	78.229	271	45	13	143	406	124	387	6e-35	161
002cf59cd2e44a32182a87f3c418dd82	gi|818931340|gb|KR189017.1|	78.229	271	45	13	143	406	124	387	6e-35	161
002cf59cd2e44a32182a87f3c418dd82	gi|818931332|gb|KR189021.1|	78.229	271	45	13	143	406	124	387	6e-35	161
002cf59cd2e44a32182a87f3c418dd82	gi|1007378183|gb|KT907185.1|	74.524	420	83	16	8	415	191	598	6e-35	161
002cf59cd2e44a32182a87f3c418dd82	gi|1007378181|gb|KT907184.1|	74.524	420	83	16	8	415	191	598	6e-35	161
002cf59cd2e44a32182a87f3c418dd82	gi|948563367|gb|KT023261.1|	74.524	420	83	16	8	415	237	644	6e-35	161
002cf59cd2e44a32182a87f3c418dd82	gi|758898226|gb|KJ723650.1|	74.524	420	83	16	8	415	245	652	6e-35	161
002cf59cd2e44a32182a87f3c418dd82	gi|758898224|gb|KJ723649.1|	74.524	420	83	16	8	415	245	652	6e-35	161
002cf59cd2e44a32182a87f3c418dd82	gi|758898222|gb|KJ723648.1|	74.524	420	83	16	8	415	175	582	6e-35	161
002cf59cd2e44a32182a87f3c418dd82	gi|758898218|gb|KJ723646.1|	74.524	420	83	16	8	415	175	582	6e-35	161
002cf59cd2e44a32182a87f3c418dd82	gi|758898216|gb|KJ723645.1|	74.524	420	83	16	8	415	175	582	6e-35	161
002cf59cd2e44a32182a87f3c418dd82	gi|758898212|gb|KJ723643.1|	74.524	420	83	16	8	415	175	582	6e-35	161
002cf59cd2e44a32182a87f3c418dd82	gi|758898208|gb|KJ723641.1|	74.524	420	83	16	8	415	175	582	6e-35	161
002cf59cd2e44a32182a87f3c418dd82	gi|758898206|gb|KJ723640.1|	74.524	420	83	16	8	415	175	582	6e-35	161
002cf59cd2e44a32182a87f3c418dd82	gi|2028572337|gb|MW503682.1|	74.524	420	83	16	8	415	245	652	6e-35	161
002cf59cd2e44a32182a87f3c418dd82	gi|2028571365|gb|MW503356.1|	74.524	420	83	16	8	415	245	652	6e-35	161
002cf59cd2e44a32182a87f3c418dd82	gi|2028570965|gb|MW503262.1|	74.524	420	83	16	8	415	245	652	6e-35	161
002cf59cd2e44a32182a87f3c418dd82	gi|2028567500|gb|MW502312.1|	74.524	420	83	16	8	415	245	652	6e-35	161
002cf59cd2e44a32182a87f3c418dd82	gi|2028567464|gb|MW502303.1|	74.584	421	81	19	8	415	245	652	6e-35	161
002cf59cd2e44a32182a87f3c418dd82	gi|2028566582|gb|MW502078.1|	74.524	420	83	16	8	415	245	652	6e-35	161
002cf59cd2e44a32182a87f3c418dd82	gi|2028565147|gb|MW501715.1|	74.524	420	83	16	8	415	245	652	6e-35	161
002cf59cd2e44a32182a87f3c418dd82	gi|2028564689|gb|MW501600.1|	74.524	420	83	16	8	415	245	652	6e-35	161
002cf59cd2e44a32182a87f3c418dd82	gi|2028563999|gb|MW501423.1|	74.524	420	83	16	8	415	245	652	6e-35	161
002cf59cd2e44a32182a87f3c418dd82	gi|2028559777|gb|MW500682.1|	74.524	420	83	16	8	415	245	652	6e-35	161
002cf59cd2e44a32182a87f3c418dd82	gi|2028558925|gb|MW500437.1|	74.524	420	83	16	8	415	245	652	6e-35	161
002cf59cd2e44a32182a87f3c418dd82	gi|2028558247|gb|MW500249.1|	74.524	420	83	16	8	415	245	652	6e-35	161
002cf59cd2e44a32182a87f3c418dd82	gi|2028556938|gb|MW499910.1|	74.524	420	83	16	8	415	245	652	6e-35	161
002cf59cd2e44a32182a87f3c418dd82	gi|2028555836|gb|MW499617.1|	74.524	420	83	16	8	415	245	652	6e-35	161
002cf59cd2e44a32182a87f3c418dd82	gi|2028553553|gb|MW499141.1|	74.524	420	83	16	8	415	245	652	6e-35	161
002cf59cd2e44a32182a87f3c418dd82	gi|2028552777|gb|MW498981.1|	74.524	420	83	16	8	415	245	652	6e-35	161
002cf59cd2e44a32182a87f3c418dd82	gi|215981859|gb|FJ462245.1|	74.524	420	83	17	8	415	220	627	6e-35	161
002cf59cd2e44a32182a87f3c418dd82	gi|818931348|gb|KR011724.1|	79.654	231	39	7	191	417	217	443	2e-34	159
002cf59cd2e44a32182a87f3c418dd82	gi|1213951827|gb|KY112801.1|	74.286	420	84	16	8	415	189	596	3e-33	156
002cf59cd2e44a32182a87f3c418dd82	gi|831360202|gb|KR139935.1|	78.715	249	41	10	164	406	243	1	3e-33	156
002cf59cd2e44a32182a87f3c418dd82	gi|2156740940|gb|OL664336.1|	74.163	418	88	14	8	415	269	676	3e-33	156
002cf59cd2e44a32182a87f3c418dd82	gi|2156740938|gb|OL664335.1|	74.163	418	88	14	8	415	269	676	3e-33	156
002cf59cd2e44a32182a87f3c418dd82	gi|2156740936|gb|OL664334.1|	74.163	418	88	14	8	415	269	676	3e-33	156
002cf59cd2e44a32182a87f3c418dd82	gi|2156740506|gb|OL664119.1|	74.163	418	88	14	8	415	269	676	3e-33	156
002cf59cd2e44a32182a87f3c418dd82	gi|2156740504|gb|OL664118.1|	74.163	418	88	14	8	415	269	676	3e-33	156
002cf59cd2e44a32182a87f3c418dd82	gi|2156740502|gb|OL664117.1|	74.163	418	88	14	8	415	269	676	3e-33	156
002cf59cd2e44a32182a87f3c418dd82	gi|574586250|gb|KF808533.1|	74.201	407	89	13	17	415	3	401	3e-33	156
002cf59cd2e44a32182a87f3c418dd82	gi|529391775|gb|KF388911.1|	74.224	419	86	16	8	415	245	652	3e-33	156
002cf59cd2e44a32182a87f3c418dd82	gi|2028566650|gb|MW502099.1|	74.347	421	82	18	8	415	245	652	3e-33	156
002cf59cd2e44a32182a87f3c418dd82	gi|2028559332|gb|MW500561.1|	74.286	420	84	16	8	415	245	652	3e-33	156
002cf59cd2e44a32182a87f3c418dd82	gi|316994094|gb|GU372551.1|	74.163	418	88	14	8	415	245	652	3e-33	156
002cf59cd2e44a32182a87f3c418dd82	gi|295069428|gb|GU696029.1|	74.163	418	88	14	8	415	245	652	3e-33	156
002cf59cd2e44a32182a87f3c418dd82	gi|151176469|gb|EF473827.1|	74.163	418	88	14	8	415	220	627	3e-33	156
002cf59cd2e44a32182a87f3c418dd82	gi|9754731|gb|AF170868.1|	74.163	418	88	14	8	415	294	701	3e-33	156
002cf59cd2e44a32182a87f3c418dd82	gi|381143326|gb|JN171031.1|	74.930	355	78	10	69	418	306	654	4e-32	152
002cf59cd2e44a32182a87f3c418dd82	gi|313162953|gb|HM916459.1|	73.634	421	99	9	1	415	244	658	4e-32	152
002cf59cd2e44a32182a87f3c418dd82	gi|312604692|gb|HM917025.1|	73.634	421	99	9	1	415	244	658	4e-32	152
002cf59cd2e44a32182a87f3c418dd82	gi|1729915049|gb|MK386607.1|	73.923	418	89	14	8	415	194	601	1e-31	150
002cf59cd2e44a32182a87f3c418dd82	gi|2070136674|gb|MW924655.1|	85.235	149	18	2	100	246	11064	11210	1e-31	150
002cf59cd2e44a32182a87f3c418dd82	gi|529392147|gb|KF389097.1|	73.861	417	91	13	8	415	245	652	1e-31	150
002cf59cd2e44a32182a87f3c418dd82	gi|529373307|gb|KF398288.1|	73.986	419	87	16	8	415	245	652	1e-31	150
002cf59cd2e44a32182a87f3c418dd82	gi|309252953|gb|HQ259122.1|	73.923	418	89	14	8	415	1752	2159	1e-31	150
002cf59cd2e44a32182a87f3c418dd82	gi|1475545445|gb|MH673867.1|	74.373	359	86	6	8	363	202	557	5e-31	148
002cf59cd2e44a32182a87f3c418dd82	gi|402168431|gb|JX145683.1|	83.871	155	25	0	261	415	249	403	5e-31	148
002cf59cd2e44a32182a87f3c418dd82	gi|1826605223|gb|MT260024.1|	74.788	353	78	10	71	418	310	656	5e-31	148
002cf59cd2e44a32182a87f3c418dd82	gi|1072839520|gb|KU821146.1|	73.397	421	100	9	1	415	309	723	2e-30	147
002cf59cd2e44a32182a87f3c418dd82	gi|393797585|gb|JX111873.1|	73.397	421	100	9	1	415	244	658	2e-30	147
002cf59cd2e44a32182a87f3c418dd82	gi|393797581|gb|JX111871.1|	73.397	421	100	9	1	415	241	655	2e-30	147
002cf59cd2e44a32182a87f3c418dd82	gi|313163053|gb|HM916509.1|	73.397	421	100	9	1	415	244	658	2e-30	147
002cf59cd2e44a32182a87f3c418dd82	gi|312605000|gb|HM917179.1|	73.397	421	100	9	1	415	244	658	2e-30	147
002cf59cd2e44a32182a87f3c418dd82	gi|818931352|gb|KR110050.1|	79.091	220	38	7	191	406	172	387	6e-30	145
002cf59cd2e44a32182a87f3c418dd82	gi|1007378225|gb|KT907206.1|	73.810	420	86	15	8	415	191	598	6e-30	145
002cf59cd2e44a32182a87f3c418dd82	gi|1007378217|gb|KT907202.1|	73.747	419	88	13	8	415	191	598	6e-30	145
002cf59cd2e44a32182a87f3c418dd82	gi|1007378213|gb|KT907200.1|	73.747	419	88	13	8	415	191	598	6e-30	145
002cf59cd2e44a32182a87f3c418dd82	gi|1007378211|gb|KT907199.1|	73.747	419	88	13	8	415	191	598	6e-30	145
002cf59cd2e44a32182a87f3c418dd82	gi|937629499|gb|KM199619.1|	73.747	419	88	16	8	415	206	613	6e-30	145
002cf59cd2e44a32182a87f3c418dd82	gi|529390351|gb|KF388199.1|	73.621	417	92	14	8	415	245	652	6e-30	145
002cf59cd2e44a32182a87f3c418dd82	gi|1870110394|gb|MT763873.1|	73.647	425	90	18	8	421	244	657	6e-30	145
002cf59cd2e44a32182a87f3c418dd82	gi|1483541026|gb|MH070210.1|	74.576	354	76	11	69	415	197	543	2e-29	143
002cf59cd2e44a32182a87f3c418dd82	gi|296871691|gb|GU663969.1|	73.832	428	82	20	8	420	245	657	2e-29	143
002cf59cd2e44a32182a87f3c418dd82	gi|296871685|gb|GU663966.1|	73.832	428	82	20	8	420	245	657	2e-29	143
002cf59cd2e44a32182a87f3c418dd82	gi|1938460212|gb|MW307226.1|	75.912	274	66	0	142	415	379	652	8e-29	141
002cf59cd2e44a32182a87f3c418dd82	gi|393797587|gb|JX111874.1|	73.159	421	101	9	1	415	244	658	8e-29	141
002cf59cd2e44a32182a87f3c418dd82	gi|1483541020|gb|MH070207.1|	73.317	416	95	13	8	415	136	543	3e-28	139
002cf59cd2e44a32182a87f3c418dd82	gi|1483541002|gb|MH070198.1|	73.317	416	95	13	8	415	136	543	3e-28	139
002cf59cd2e44a32182a87f3c418dd82	gi|1483540992|gb|MH070193.1|	73.317	416	95	13	8	415	136	543	3e-28	139
002cf59cd2e44a32182a87f3c418dd82	gi|1478642014|gb|MH415651.1|	73.508	419	89	19	8	415	245	652	3e-28	139
002cf59cd2e44a32182a87f3c418dd82	gi|818931328|gb|KR189023.1|	78.733	221	37	9	191	406	172	387	3e-28	139
002cf59cd2e44a32182a87f3c418dd82	gi|1009082463|gb|KU381613.1|	73.634	421	85	19	8	415	245	652	3e-28	139
002cf59cd2e44a32182a87f3c418dd82	gi|2104440415|gb|MT642611.1|	73.253	415	97	12	8	415	2249	2656	3e-28	139
002cf59cd2e44a32182a87f3c418dd82	gi|397194020|gb|JX150623.1|	73.634	421	85	19	8	415	245	652	3e-28	139
002cf59cd2e44a32182a87f3c418dd82	gi|374957793|gb|JQ551745.1|	73.508	419	89	17	8	415	214	621	3e-28	139
002cf59cd2e44a32182a87f3c418dd82	gi|203289289|gb|EU699143.1|	73.571	420	87	15	8	415	199	606	3e-28	139
002cf59cd2e44a32182a87f3c418dd82	gi|1483541038|gb|MH070216.1|	74.294	354	77	11	69	415	191	537	1e-27	137
002cf59cd2e44a32182a87f3c418dd82	gi|1483541034|gb|MH070214.1|	74.294	354	77	11	69	415	197	543	1e-27	137
002cf59cd2e44a32182a87f3c418dd82	gi|1483541024|gb|MH070209.1|	74.294	354	77	11	69	415	197	543	1e-27	137
002cf59cd2e44a32182a87f3c418dd82	gi|1483541018|gb|MH070206.1|	74.294	354	77	11	69	415	197	543	1e-27	137
002cf59cd2e44a32182a87f3c418dd82	gi|1483541016|gb|MH070205.1|	74.294	354	77	11	69	415	197	543	1e-27	137
002cf59cd2e44a32182a87f3c418dd82	gi|1483541004|gb|MH070199.1|	74.294	354	77	11	69	415	197	543	1e-27	137
002cf59cd2e44a32182a87f3c418dd82	gi|1483541000|gb|MH070197.1|	74.294	354	77	11	69	415	197	543	1e-27	137
002cf59cd2e44a32182a87f3c418dd82	gi|1483540996|gb|MH070195.1|	74.294	354	77	11	69	415	197	543	1e-27	137
002cf59cd2e44a32182a87f3c418dd82	gi|1483540994|gb|MH070194.1|	74.294	354	77	11	69	415	197	543	1e-27	137
002cf59cd2e44a32182a87f3c418dd82	gi|1483540990|gb|MH070192.1|	74.294	354	77	11	69	415	197	543	1e-27	137
002cf59cd2e44a32182a87f3c418dd82	gi|1483540988|gb|MH070191.1|	74.294	354	77	11	69	415	197	543	1e-27	137
002cf59cd2e44a32182a87f3c418dd82	gi|1483540986|gb|MH070190.1|	74.294	354	77	11	69	415	197	543	1e-27	137
002cf59cd2e44a32182a87f3c418dd82	gi|1483540984|gb|MH070189.1|	74.294	354	77	11	69	415	197	543	1e-27	137
002cf59cd2e44a32182a87f3c418dd82	gi|1483540982|gb|MH070188.1|	74.294	354	77	11	69	415	197	543	1e-27	137
002cf59cd2e44a32182a87f3c418dd82	gi|1519337623|gb|MK084515.1|	74.294	354	77	11	69	415	306	652	1e-27	137
002cf59cd2e44a32182a87f3c418dd82	gi|1519337621|gb|MK084514.1|	74.294	354	77	11	69	415	306	652	1e-27	137
002cf59cd2e44a32182a87f3c418dd82	gi|1519337619|gb|MK084513.1|	74.294	354	77	11	69	415	306	652	1e-27	137
002cf59cd2e44a32182a87f3c418dd82	gi|1169302029|gb|KU907988.1|	78.355	231	36	11	192	415	429	652	1e-27	137
002cf59cd2e44a32182a87f3c418dd82	gi|1178772459|gb|KX926433.1|	74.294	354	77	11	69	415	347	693	1e-27	137
002cf59cd2e44a32182a87f3c418dd82	gi|914344262|gb|KR674186.1|	76.157	281	55	10	141	415	371	645	1e-27	137
002cf59cd2e44a32182a87f3c418dd82	gi|914344246|gb|KR674178.1|	76.157	281	55	10	141	415	371	645	1e-27	137
002cf59cd2e44a32182a87f3c418dd82	gi|1862655090|gb|MT672116.1|	74.294	354	77	11	69	415	305	651	1e-27	137
002cf59cd2e44a32182a87f3c418dd82	gi|1994454720|gb|MW214053.1|	73.879	379	83	13	8	378	245	615	1e-27	137
002cf59cd2e44a32182a87f3c418dd82	gi|414303037|gb|JX445944.1|	73.580	405	87	14	8	402	207	601	1e-27	137
002cf59cd2e44a32182a87f3c418dd82	gi|321127874|gb|HQ977206.1|	77.922	231	44	7	188	415	426	652	1e-27	137
002cf59cd2e44a32182a87f3c418dd82	gi|321127872|gb|HQ977205.1|	77.922	231	44	7	188	415	426	652	1e-27	137
002cf59cd2e44a32182a87f3c418dd82	gi|296871945|gb|GU664096.1|	73.598	428	83	20	8	420	245	657	1e-27	137
002cf59cd2e44a32182a87f3c418dd82	gi|296871689|gb|GU663968.1|	73.598	428	83	20	8	420	245	657	1e-27	137
002cf59cd2e44a32182a87f3c418dd82	gi|296871687|gb|GU663967.1|	73.598	428	83	20	8	420	245	657	1e-27	137
002cf59cd2e44a32182a87f3c418dd82	gi|1938460214|gb|MW307227.1|	75.547	274	67	0	142	415	379	652	4e-27	135
002cf59cd2e44a32182a87f3c418dd82	gi|2028554309|gb|MW499313.1|	74.084	382	75	16	8	377	245	614	4e-27	135
002cf59cd2e44a32182a87f3c418dd82	gi|1557929553|gb|MH928304.1|	81.481	162	30	0	254	415	491	652	1e-26	134
002cf59cd2e44a32182a87f3c418dd82	gi|1388163494|gb|MG967758.1|	73.479	411	85	19	17	415	3	401	1e-26	134
002cf59cd2e44a32182a87f3c418dd82	gi|1074932593|gb|KR790653.1|	73.977	342	83	6	77	415	314	652	1e-26	134
002cf59cd2e44a32182a87f3c418dd82	gi|818931342|gb|KR189016.1|	78.182	220	40	8	191	406	172	387	1e-26	134
002cf59cd2e44a32182a87f3c418dd82	gi|818931336|gb|KR189019.1|	78.182	220	40	8	191	406	172	387	1e-26	134
002cf59cd2e44a32182a87f3c418dd82	gi|695084430|gb|KJ962901.1|	73.206	418	92	15	8	415	245	652	1e-26	134
002cf59cd2e44a32182a87f3c418dd82	gi|290553339|gb|GU713029.1|	77.489	231	46	6	143	370	315	542	1e-26	134
002cf59cd2e44a32182a87f3c418dd82	gi|1483541036|gb|MH070215.1|	74.011	354	78	11	69	415	197	543	5e-26	132
002cf59cd2e44a32182a87f3c418dd82	gi|2177158449|gb|OL809801.1|	73.988	346	81	8	77	418	275	615	5e-26	132
002cf59cd2e44a32182a87f3c418dd82	gi|557954415|gb|KF643058.1|	74.085	355	76	12	69	415	306	652	5e-26	132
002cf59cd2e44a32182a87f3c418dd82	gi|557954391|gb|KF643046.1|	74.085	355	76	12	69	415	306	652	5e-26	132
002cf59cd2e44a32182a87f3c418dd82	gi|312616008|gb|HQ573927.1|	77.489	231	45	7	188	415	426	652	5e-26	132
002cf59cd2e44a32182a87f3c418dd82	gi|347980805|gb|JN678283.1|	74.843	318	64	14	69	378	306	615	2e-25	130
002cf59cd2e44a32182a87f3c418dd82	gi|1834332084|gb|MT029329.1|	85.833	120	17	0	296	415	1731	1850	6e-25	128
002cf59cd2e44a32182a87f3c418dd82	gi|870901204|gb|KP870659.1|	73.095	420	89	17	8	415	245	652	6e-25	128
002cf59cd2e44a32182a87f3c418dd82	gi|695091817|gb|KJ966583.1|	72.967	418	93	15	8	415	245	652	6e-25	128
002cf59cd2e44a32182a87f3c418dd82	gi|414303040|gb|JX445945.1|	73.300	397	86	14	8	394	206	592	6e-25	128
002cf59cd2e44a32182a87f3c418dd82	gi|312616052|gb|HQ573949.1|	80.982	163	30	1	253	415	491	652	6e-25	128
002cf59cd2e44a32182a87f3c418dd82	gi|312616012|gb|HQ573929.1|	80.982	163	30	1	253	415	491	652	6e-25	128
002cf59cd2e44a32182a87f3c418dd82	gi|312616010|gb|HQ573928.1|	80.982	163	30	1	253	415	491	652	6e-25	128
002cf59cd2e44a32182a87f3c418dd82	gi|296468302|gb|GU676464.1|	73.095	420	89	17	8	415	245	652	6e-25	128
002cf59cd2e44a32182a87f3c418dd82	gi|299552673|gb|GU674672.1|	73.095	420	89	15	8	415	245	652	6e-25	128
002cf59cd2e44a32182a87f3c418dd82	gi|296820483|gb|GU664983.1|	72.902	417	95	12	8	415	245	652	6e-25	128
002cf59cd2e44a32182a87f3c418dd82	gi|1468787888|gb|MF616867.1|	73.729	354	79	11	69	415	306	652	2e-24	126
002cf59cd2e44a32182a87f3c418dd82	gi|1558559737|gb|MK032783.1|	81.290	155	29	0	261	415	513	667	2e-24	126
002cf59cd2e44a32182a87f3c418dd82	gi|1624519064|gb|MK739551.1|	72.986	422	86	21	8	415	195	602	3e-23	122
002cf59cd2e44a32182a87f3c418dd82	gi|1624519062|gb|MK739550.1|	72.986	422	86	21	8	415	198	605	3e-23	122
002cf59cd2e44a32182a87f3c418dd82	gi|1558559729|gb|MK032779.1|	80.645	155	30	0	261	415	495	649	3e-23	122
002cf59cd2e44a32182a87f3c418dd82	gi|1049513085|gb|KX106971.1|	76.856	229	45	7	191	415	427	651	3e-23	122
002cf59cd2e44a32182a87f3c418dd82	gi|917544543|gb|KP986421.1|	81.333	150	28	0	266	415	503	652	3e-23	122
002cf59cd2e44a32182a87f3c418dd82	gi|2232280907|gb|OM598739.1|	72.857	420	90	17	8	415	245	652	3e-23	122
002cf59cd2e44a32182a87f3c418dd82	gi|2232230741|gb|OM545930.1|	72.857	420	90	17	8	415	245	652	3e-23	122
002cf59cd2e44a32182a87f3c418dd82	gi|2210664044|gb|OM368313.1|	85.000	120	18	0	296	415	1729	1848	3e-23	122
002cf59cd2e44a32182a87f3c418dd82	gi|614142760|gb|KJ465911.1|	80.503	159	31	0	263	421	159	1	3e-23	122
002cf59cd2e44a32182a87f3c418dd82	gi|441480442|gb|KC157607.1|	73.746	339	77	10	83	415	323	655	3e-23	122
002cf59cd2e44a32182a87f3c418dd82	gi|441480424|gb|KC157598.1|	73.746	339	77	10	83	415	326	658	3e-23	122
002cf59cd2e44a32182a87f3c418dd82	gi|295076160|gb|GU699395.1|	72.792	419	92	15	8	415	245	652	3e-23	122
002cf59cd2e44a32182a87f3c418dd82	gi|1558559727|gb|MK032778.1|	80.645	155	30	0	261	415	494	648	1e-22	121
002cf59cd2e44a32182a87f3c418dd82	gi|1787076670|dbj|LC500536.1|	76.419	229	49	5	192	418	388	613	4e-22	119
002cf59cd2e44a32182a87f3c418dd82	gi|1067374155|gb|KU755644.1|	74.729	277	64	6	142	415	378	651	4e-22	119
002cf59cd2e44a32182a87f3c418dd82	gi|347981505|gb|JN678633.1|	78.351	194	35	7	188	378	364	553	4e-22	119
002cf59cd2e44a32182a87f3c418dd82	gi|374892853|gb|JQ544537.1|	72.705	414	89	15	8	409	245	646	1e-21	117
002cf59cd2e44a32182a87f3c418dd82	gi|317417345|emb|FN600938.1|	76.419	229	46	7	191	415	428	652	1e-21	117
002cf59cd2e44a32182a87f3c418dd82	gi|169145858|emb|AM231514.1|	72.596	416	92	17	8	412	245	649	1e-21	117
002cf59cd2e44a32182a87f3c418dd82	gi|1569134660|gb|MK084060.1|	80.128	156	30	1	263	418	500	654	5e-21	115
002cf59cd2e44a32182a87f3c418dd82	gi|1569128349|gb|MK080893.1|	80.128	156	30	1	263	418	500	654	5e-21	115
002cf59cd2e44a32182a87f3c418dd82	gi|1569128109|gb|MK080772.1|	80.128	156	30	1	263	418	500	654	5e-21	115
002cf59cd2e44a32182a87f3c418dd82	gi|1870110522|gb|MT763937.1|	72.823	379	87	13	8	378	229	599	5e-21	115
002cf59cd2e44a32182a87f3c418dd82	gi|1870110520|gb|MT763936.1|	72.823	379	87	13	8	378	217	587	5e-21	115
002cf59cd2e44a32182a87f3c418dd82	gi|896561338|gb|KP979220.1|	81.955	133	24	0	282	414	519	651	2e-20	113
002cf59cd2e44a32182a87f3c418dd82	gi|300208586|gb|HM398925.1|	79.355	155	32	0	261	415	463	617	2e-20	113
002cf59cd2e44a32182a87f3c418dd82	gi|47118853|gb|AY513411.1|	73.563	348	71	17	83	421	59	394	2e-20	113
002cf59cd2e44a32182a87f3c418dd82	gi|441480464|gb|KC157618.1|	73.043	345	81	11	83	421	326	664	6e-20	111
002cf59cd2e44a32182a87f3c418dd82	gi|20377542|gb|AF367650.1|	75.620	242	49	9	142	378	369	605	6e-20	111
002cf59cd2e44a32182a87f3c418dd82	gi|1994454268|gb|MW213861.1|	73.066	349	78	13	8	348	245	585	2e-19	110
002cf59cd2e44a32182a87f3c418dd82	gi|1994453378|gb|MW213417.1|	73.066	349	78	13	8	348	245	585	2e-19	110
002cf59cd2e44a32182a87f3c418dd82	gi|1994450542|gb|MW212070.1|	73.066	349	78	13	8	348	245	585	2e-19	110
002cf59cd2e44a32182a87f3c418dd82	gi|300208568|gb|HM398916.1|	79.355	155	32	0	261	415	498	652	2e-19	110
002cf59cd2e44a32182a87f3c418dd82	gi|300208566|gb|HM398915.1|	79.355	155	32	0	261	415	477	631	2e-19	110
002cf59cd2e44a32182a87f3c418dd82	gi|4003441|gb|AF000046.1|AF000046	72.599	354	89	8	71	420	307	656	2e-19	110
002cf59cd2e44a32182a87f3c418dd82	gi|909740667|gb|KM833841.1|	83.929	112	18	0	282	393	519	630	8e-19	108
002cf59cd2e44a32182a87f3c418dd82	gi|1837894207|gb|MN521130.1|	80.576	139	27	0	261	399	513	651	8e-19	108
002cf59cd2e44a32182a87f3c418dd82	gi|1608033430|gb|MK543398.1|	74.460	278	55	14	143	415	387	653	3e-18	106
002cf59cd2e44a32182a87f3c418dd82	gi|1608033428|gb|MK543397.1|	74.460	278	55	14	143	415	387	653	3e-18	106
002cf59cd2e44a32182a87f3c418dd82	gi|1608033426|gb|MK543396.1|	74.460	278	55	14	143	415	387	653	3e-18	106
002cf59cd2e44a32182a87f3c418dd82	gi|1608033420|gb|MK543393.1|	74.460	278	55	14	143	415	387	653	3e-18	106
002cf59cd2e44a32182a87f3c418dd82	gi|1608033418|gb|MK543392.1|	74.460	278	55	14	143	415	387	653	3e-18	106
002cf59cd2e44a32182a87f3c418dd82	gi|203289285|gb|EU699141.1|	71.671	413	107	7	8	415	199	606	3e-18	106
002cf59cd2e44a32182a87f3c418dd82	gi|1491906448|gb|MG357372.1|	72.857	350	77	15	8	348	244	584	1e-17	104
002cf59cd2e44a32182a87f3c418dd82	gi|1994452341|gb|MW212930.1|	72.997	337	75	13	8	336	245	573	1e-17	104
002cf59cd2e44a32182a87f3c418dd82	gi|1946848577|gb|MW384913.1|	78.481	158	34	0	258	415	467	624	1e-17	104
002cf59cd2e44a32182a87f3c418dd82	gi|157863401|gb|EU009016.1|	79.333	150	29	2	272	420	482	630	1e-17	104
002cf59cd2e44a32182a87f3c418dd82	gi|157863395|gb|EU009013.1|	79.333	150	29	2	272	420	482	630	1e-17	104
002cf59cd2e44a32182a87f3c418dd82	gi|157863387|gb|EU009009.1|	79.333	150	29	2	272	420	482	630	1e-17	104
002cf59cd2e44a32182a87f3c418dd82	gi|157863389|gb|EU009010.1|	79.333	150	29	2	272	420	482	630	1e-17	104
002cf59cd2e44a32182a87f3c418dd82	gi|157863379|gb|EU009005.1|	79.333	150	29	2	272	420	482	630	1e-17	104
002cf59cd2e44a32182a87f3c418dd82	gi|157863383|gb|EU009007.1|	79.333	150	29	2	272	420	482	630	1e-17	104
002cf59cd2e44a32182a87f3c418dd82	gi|157863381|gb|EU009006.1|	79.333	150	29	2	272	420	482	630	1e-17	104
002cf59cd2e44a32182a87f3c418dd82	gi|157863373|gb|EU009002.1|	79.333	150	29	2	272	420	482	630	1e-17	104
002cf59cd2e44a32182a87f3c418dd82	gi|157863367|gb|EU008999.1|	79.333	150	29	2	272	420	482	630	1e-17	104
002cf59cd2e44a32182a87f3c418dd82	gi|157863369|gb|EU009000.1|	79.333	150	29	2	272	420	482	630	1e-17	104
002cf59cd2e44a32182a87f3c418dd82	gi|1792267893|gb|MN182864.1|	72.394	355	87	11	69	418	306	654	4e-17	102
002cf59cd2e44a32182a87f3c418dd82	gi|1792267558|gb|MN182855.1|	72.394	355	87	11	69	418	306	654	4e-17	102
002cf59cd2e44a32182a87f3c418dd82	gi|1503042191|gb|MG514842.1|	72.340	376	86	16	8	377	95	458	4e-17	102
002cf59cd2e44a32182a87f3c418dd82	gi|1204719594|gb|KY509112.1|	73.463	309	67	12	53	352	305	3	4e-17	102
